n_start
10
n_end
K_start
6000.000000,-3000.000000,0.000000,0.000000,0.000000,0.000000,0.000000,0.000000,0.000000,0.000000
6000.000000,-3000.000000,0.000000,0.000000,0.000000,0.000000,0.000000,0.000000,0.000000
6000.000000,-3000.000000,0.000000,0.000000,0.000000,0.000000,0.000000,0.000000
6000.000000,-3000.000000,0.000000,0.000000,0.000000,0.000000,0.000000
6000.000000,-3000.000000,0.000000,0.000000,0.000000,0.000000
6000.000000,-3000.000000,0.000000,0.000000,0.000000
6000.000000,-3000.000000,0.000000,0.000000
6000.000000,-3000.000000,0.000000
6000.000000,-3000.000000
6000.000000
K_end
M_start
0.100000,0.000000,0.000000,0.000000,0.000000,0.000000,0.000000,0.000000,0.000000,0.000000
0.100000,0.000000,0.000000,0.000000,0.000000,0.000000,0.000000,0.000000,0.000000
0.100000,0.000000,0.000000,0.000000,0.000000,0.000000,0.000000,0.000000
0.100000,0.000000,0.000000,0.000000,0.000000,0.000000,0.000000
0.100000,0.000000,0.000000,0.000000,0.000000,0.000000
0.100000,0.000000,0.000000,0.000000,0.000000
0.100000,0.000000,0.000000,0.000000
0.100000,0.000000,0.000000
0.100000,0.000000
0.100000
M_end
C_start
0.000000,0.000000,0.000000,0.000000,0.000000,0.000000,0.000000,0.000000,0.000000,0.000000
0.000000,0.000000,0.000000,0.000000,0.000000,0.000000,0.000000,0.000000,0.000000
0.000000,0.000000,0.000000,0.000000,0.000000,0.000000,0.000000,0.000000
0.000000,0.000000,0.000000,0.000000,0.000000,0.000000,0.000000
0.000000,0.000000,0.000000,0.000000,0.000000,0.000000
0.000000,0.000000,0.000000,0.000000,0.000000
0.000000,0.000000,0.000000,0.000000
0.000000,0.000000,0.000000
0.000000,0.000000
0.000000
C_end
H_start
0.02
H_end
F_start
0.000000,0.000000
0.000000,0.000000
0.000000,0.000000
0.000000,0.000000
0.000000,0.000000
5.000000,0.000000
0.000000,0.000000
0.000000,0.000000
0.000000,0.000000
0.000000,0.000000
F_end
